#interval_tag	giter	x	y	end	mol_length	mol_sites	mapid	x0_loc	x1_loc	x0_site	x1_site
interval_errors	0	4.0476	3.944	0	3931.63	453	0	2006.63	2010.68	234	235
interval_errors	0	3.0042	3.012	0	3931.63	453	0	2003.63	2006.63	233	234
interval_errors	0	2.8178	3.077	0	3931.63	453	0	2000.81	2003.63	232	233
interval_errors	0	4.9974	4.864	0	3931.63	453	0	1995.81	2000.81	231	232
interval_errors	0	5.046	4.99	0	3931.63	453	0	1990.76	1995.81	230	231
interval_errors	0	8.4163	8.378	0	3931.63	453	0	1982.35	1990.76	229	230
interval_errors	0	8.1557	7.994	0	3931.63	453	0	1974.19	1982.35	228	229
interval_errors	0	5.7928	5.7905	0	3931.63	453	0	1968.4	1974.19	227	228
interval_errors	0	7.0847	6.9905	0	3931.63	453	0	1961.32	1968.4	226	227
interval_errors	0	7.6887	7.6915	0	3931.63	453	0	1953.63	1961.32	225	226
interval_errors	0	1.587	1.5475	0	3931.63	453	0	1952.04	1953.63	224	225
interval_errors	0	34.0247	33.6835	0	3931.63	453	0	1889.2	1923.22	218	219
interval_errors	0	11.2621	11.074	0	3931.63	453	0	1877.94	1889.2	217	218
interval_errors	0	8.4798	8.3275	0	3931.63	453	0	1869.46	1877.94	216	217
interval_errors	0	13.7726	13.7085	0	3931.63	453	0	1855.68	1869.46	215	216
interval_errors	0	6.0473	5.909	0	3931.63	453	0	1849.64	1855.68	214	215
interval_errors	0	2.2163	2.313	0	3931.63	453	0	1847.42	1849.64	213	214
interval_errors	0	2.3975	2.46	0	3931.63	453	0	1845.02	1847.42	212	213
interval_errors	0	15.6536	15.402	0	3931.63	453	0	1829.37	1845.02	211	212
interval_errors	0	7.7769	7.734	0	3931.63	453	0	1821.59	1829.37	210	211
interval_errors	0	15.3122	14.683	0	3931.63	453	0	1806.28	1821.59	209	210
interval_errors	0	2.5703	2.54675	0	3931.63	453	0	1803.71	1806.28	208	209
interval_errors	0	14.0235	14.2277	0	3931.63	453	0	1789.69	1803.71	207	208
interval_errors	0	8.5064	8.4415	0	3931.63	453	0	1781.18	1789.69	206	207
interval_errors	0	2.8037	2.823	0	3931.63	453	0	1778.38	1781.18	205	206
interval_errors	0	7.4141	6.85	0	3931.63	453	0	1770.96	1778.38	204	205
interval_errors	0	1.2004	1.5795	0	3931.63	453	0	1769.76	1770.96	203	204
interval_errors	0	13.4583	13.1315	0	3931.63	453	0	1756.3	1769.76	202	203
interval_errors	0	1.9573	2.226	0	3931.63	453	0	1754.35	1756.3	201	202
interval_errors	0	6.0367	5.874	0	3931.63	453	0	1748.31	1754.35	200	201
interval_errors	0	3.6963	3.87	0	3931.63	453	0	1744.61	1748.31	199	200
interval_errors	0	8.8167	8.367	0	3931.63	453	0	1735.8	1744.61	198	199
interval_errors	0	5.7022	5.713	0	3931.63	453	0	1730.09	1735.8	197	198
interval_errors	0	5.147	5.8365	0	3931.63	453	0	1724.95	1730.09	196	197
interval_errors	0	8.0218	8.5835	0	3931.63	453	0	1716.92	1724.95	195	196
interval_errors	0	10.5971	10.426	0	3931.63	453	0	1706.33	1716.92	194	195
interval_errors	0	9.7708	9.682	0	3931.63	453	0	1696.56	1706.33	193	194
interval_errors	0	9.1235	9.02	0	3931.63	453	0	1687.43	1696.56	192	193
interval_errors	0	6.3868	6.2765	0	3931.63	453	0	1681.05	1687.43	191	192
interval_errors	0	2.5862	2.6415	0	3931.63	453	0	1631.61	1634.2	186	187
interval_errors	0	13.0712	12.7615	0	3931.63	453	0	1618.54	1631.61	185	186
interval_errors	0	2.9773	3.008	0	3931.63	453	0	1615.56	1618.54	184	185
interval_errors	0	4.6376	4.689	0	3931.63	453	0	1610.93	1615.56	183	184
interval_errors	0	17.3506	17.24	0	3931.63	453	0	1593.58	1610.93	182	183
interval_errors	0	12.2883	12.156	0	3931.63	453	0	1581.29	1593.58	181	182
interval_errors	0	8.051	7.808	0	3931.63	453	0	1573.24	1581.29	180	181
interval_errors	0	1.6777	1.889	0	3931.63	453	0	1571.56	1573.24	179	180
interval_errors	0	16.9805	16.5717	0	3931.63	453	0	1554.58	1571.56	178	179
interval_errors	0	8.127	8.13033	0	3931.63	453	0	1546.45	1554.58	177	178
interval_errors	0	8.4389	8.226	0	3931.63	453	0	1538.01	1546.45	176	177
interval_errors	0	1.6865	1.82	0	3931.63	453	0	1536.33	1538.01	175	176
interval_errors	0	4.4123	4.307	0	3931.63	453	0	1531.91	1536.33	174	175
interval_errors	0	1.1143	1.295	0	3931.63	453	0	1530.8	1531.91	173	174
interval_errors	0	3.142	3.043	0	3931.63	453	0	1527.66	1530.8	172	173
interval_errors	0	9.8466	9.686	0	3931.63	453	0	1517.81	1527.66	171	172
interval_errors	0	3.9463	3.921	0	3931.63	453	0	1513.86	1517.81	170	171
interval_errors	0	2.5119	2.607	0	3931.63	453	0	1511.35	1513.86	169	170
interval_errors	0	3.1347	2.992	0	3931.63	453	0	1508.22	1511.35	168	169
interval_errors	0	5.9708	6.1335	0	3931.63	453	0	1502.25	1508.22	167	168
interval_errors	0	10.0427	9.7595	0	3931.63	453	0	1492.2	1502.25	166	167
interval_errors	0	14.0212	13.735	0	3931.63	453	0	1478.18	1492.2	165	166
interval_errors	0	1.6827	1.966	0	3931.63	453	0	1476.5	1478.18	164	165
interval_errors	0	33.8848	33.45	0	3931.63	453	0	1442.62	1476.5	163	164
interval_errors	0	12.839	12.769	0	3931.63	453	0	1429.78	1442.62	162	163
interval_errors	0	11.1257	10.992	0	3931.63	453	0	1418.65	1429.78	161	162
interval_errors	0	2.9365	3.003	0	3931.63	453	0	1415.71	1418.65	160	161
interval_errors	0	41.1822	41.392	0	3931.63	453	0	1374.53	1415.71	159	160
interval_errors	0	17.8111	18.268	0	3931.63	453	0	1350.28	1368.09	157	158
interval_errors	0	1.1918	1.421	0	3931.63	453	0	1349.08	1350.28	156	157
interval_errors	0	5.0061	4.785	0	3931.63	453	0	1344.08	1349.08	155	156
interval_errors	0	14.4683	14.424	0	3931.63	453	0	1329.61	1344.08	154	155
interval_errors	0	7.3658	7.301	0	3931.63	453	0	1322.24	1329.61	153	154
interval_errors	0	31.6577	31.48	0	3931.63	453	0	1290.59	1322.24	152	153
interval_errors	0	27.5896	27.473	0	3931.63	453	0	1263	1290.59	151	152
interval_errors	0	3.3743	3.325	0	3931.63	453	0	1259.62	1263	150	151
interval_errors	0	2.423	2.313	0	3931.63	453	0	1257.2	1259.62	149	150
interval_errors	0	1.7615	1.919	0	3931.63	453	0	1255.44	1257.2	148	149
interval_errors	0	8.0393	7.8475	0	3931.63	453	0	1247.4	1255.44	147	148
interval_errors	0	4.2185	4.0765	0	3931.63	453	0	1243.18	1247.4	146	147
interval_errors	0	13.543	13.4125	0	3931.63	453	0	1229.64	1243.18	145	146
interval_errors	0	6.7826	6.39	0	3931.63	453	0	1222.85	1229.64	144	145
interval_errors	0	1.224	1.6095	0	3931.63	453	0	1221.63	1222.85	143	144
interval_errors	0	1.9305	1.867	0	3931.63	453	0	1219.7	1221.63	142	143
interval_errors	0	16.951	18.1	0	3931.63	453	0	1202.75	1219.7	141	142
interval_errors	0	4.9582	4.949	0	3931.63	453	0	1197.79	1202.75	140	141
interval_errors	0	3.7396	3.6925	0	3931.63	453	0	1194.05	1197.79	139	140
interval_errors	0	3.6917	3.983	0	3931.63	453	0	1190.36	1194.05	138	139
interval_errors	0	6.9636	7.1525	0	3931.63	453	0	1183.4	1190.36	137	138
interval_errors	0	7.4652	7.12575	0	3931.63	453	0	1175.93	1183.4	136	137
interval_errors	0	1.729	1.86775	0	3931.63	453	0	1174.2	1175.93	135	136
interval_errors	0	11.2245	10.7315	0	3931.63	453	0	1162.98	1174.2	134	135
interval_errors	0	2.3341	2.387	0	3931.63	453	0	1160.64	1162.98	133	134
interval_errors	0	5.4965	5.649	0	3931.63	453	0	1155.15	1160.64	132	133
interval_errors	0	1.7034	1.677	0	3931.63	453	0	1153.44	1155.15	131	132
interval_errors	0	11.0011	10.646	0	3931.63	453	0	1142.44	1153.44	130	131
interval_errors	0	13.2714	12.895	0	3931.63	453	0	1129.17	1142.44	129	130
interval_errors	0	1.313	1.65	0	3931.63	453	0	1127.86	1129.17	128	129
interval_errors	0	2.4165	2.605	0	3931.63	453	0	1125.44	1127.86	127	128
interval_errors	0	10.9265	10.613	0	3931.63	453	0	1114.51	1125.44	126	127
interval_errors	0	1.8935	2.0675	0	3931.63	453	0	1112.62	1114.51	125	126
interval_errors	0	23.0026	22.6075	0	3931.63	453	0	1089.62	1112.62	124	125
interval_errors	0	4.3143	4.359	0	3931.63	453	0	1085.3	1089.62	123	124
interval_errors	0	3.5465	3.509	0	3931.63	453	0	1081.76	1085.3	122	123
interval_errors	0	8.7887	8.663	0	3931.63	453	0	1072.97	1081.76	121	122
interval_errors	0	1.8939	2.094	0	3931.63	453	0	1071.07	1072.97	120	121
interval_errors	0	3.1861	2.97	0	3931.63	453	0	1067.89	1071.07	119	120
interval_errors	0	38.3297	38.1415	0	3931.63	453	0	1029.56	1067.89	118	119
interval_errors	0	1.3934	1.7475	0	3931.63	453	0	1028.17	1029.56	117	118
interval_errors	0	16.5658	16.012	0	3931.63	453	0	1011.6	1028.17	116	117
interval_errors	0	3.0667	3.125	0	3931.63	453	0	1008.53	1011.6	115	116
interval_errors	0	7.6494	7.372	0	3931.63	453	0	1000.88	1008.53	114	115
interval_errors	0	1.6011	1.886	0	3931.63	453	0	999.282	1000.88	113	114
interval_errors	0	6.5558	6.2	0	3931.63	453	0	992.726	999.282	112	113
interval_errors	0	6.6216	6.458	0	3931.63	453	0	986.105	992.726	111	112
interval_errors	0	2.3711	2.585	0	3931.63	453	0	983.734	986.105	110	111
interval_errors	0	3.1718	3.025	0	3931.63	453	0	980.562	983.734	109	110
interval_errors	0	12.0189	11.762	0	3931.63	453	0	968.543	980.562	108	109
interval_errors	0	4.4314	4.418	0	3931.63	453	0	964.112	968.543	107	108
interval_errors	0	28.3683	28.13	0	3931.63	453	0	935.743	964.112	106	107
interval_errors	0	7.413	7.38	0	3931.63	453	0	928.33	935.743	105	106
interval_errors	0	4.5693	4.633	0	3931.63	453	0	923.761	928.33	104	105
interval_errors	0	13.1695	14.053	0	3931.63	453	0	910.592	923.761	103	104
interval_errors	0	1.8244	2.181	0	3931.63	453	0	908.767	910.592	102	103
interval_errors	0	14.0852	14.038	0	3931.63	453	0	894.682	908.767	101	102
interval_errors	0	10.8114	11.132	0	3931.63	453	0	883.871	894.682	100	101
interval_errors	0	19.9691	19.1388	0	3931.63	453	0	863.902	883.871	99	100
interval_errors	0	3.0678	3.27625	0	3931.63	453	0	860.834	863.902	98	99
interval_errors	0	1.2065	1.774	0	3931.63	453	0	859.627	860.834	97	98
interval_errors	0	3.0246	2.719	0	3931.63	453	0	856.603	859.627	96	97
interval_errors	0	7.0072	6.892	0	3931.63	453	0	849.595	856.603	95	96
interval_errors	0	8.4583	7.982	0	3931.63	453	0	841.137	849.595	94	95
interval_errors	0	1.0575	1.471	0	3931.63	453	0	840.08	841.137	93	94
interval_errors	0	3.6306	3.612	0	3931.63	453	0	836.449	840.08	92	93
interval_errors	0	3.8089	3.758	0	3931.63	453	0	832.64	836.449	91	92
interval_errors	0	12.1785	11.899	0	3931.63	453	0	820.462	832.64	90	91
interval_errors	0	2.7666	2.844	0	3931.63	453	0	817.695	820.462	89	90
interval_errors	0	3.8608	3.6975	0	3931.63	453	0	776.983	780.844	85	86
interval_errors	0	3.0843	3.1865	0	3931.63	453	0	773.899	776.983	84	85
interval_errors	0	5.4263	5.305	0	3931.63	453	0	768.473	773.899	83	84
interval_errors	0	12.83	12.687	0	3931.63	453	0	755.643	768.473	82	83
interval_errors	0	7.4858	7.408	0	3931.63	453	0	748.157	755.643	81	82
interval_errors	0	6.985	7.041	0	3931.63	453	0	741.172	748.157	80	81
interval_errors	0	3.67	3.594	0	3931.63	453	0	737.502	741.172	79	80
interval_errors	0	9.1152	8.963	0	3931.63	453	0	728.387	737.502	78	79
interval_errors	0	9.0701	8.5695	0	3931.63	453	0	719.317	728.387	77	78
interval_errors	0	7.2903	7.4835	0	3931.63	453	0	712.026	719.317	76	77
interval_errors	0	2.4008	2.506	0	3931.63	453	0	709.625	712.026	75	76
interval_errors	0	26.6094	25.224	0	3931.63	453	0	672.17	698.779	73	74
interval_errors	0	2.063	2.189	0	3931.63	453	0	670.107	672.17	72	73
interval_errors	0	10.5734	10.436	0	3931.63	453	0	659.533	670.107	71	72
interval_errors	0	3.3501	3.371	0	3931.63	453	0	656.183	659.533	70	71
interval_errors	0	9.6634	9.86975	0	3931.63	453	0	646.52	656.183	69	70
interval_errors	0	4.2123	3.73225	0	3931.63	453	0	642.308	646.52	68	69
interval_errors	0	1.3658	1.606	0	3931.63	453	0	640.942	642.308	67	68
interval_errors	0	10.037	9.391	0	3931.63	453	0	630.905	640.942	66	67
interval_errors	0	1.8283	2.21	0	3931.63	453	0	629.076	630.905	65	66
interval_errors	0	8.1403	8.05	0	3931.63	453	0	620.936	629.076	64	65
interval_errors	0	13.5768	13.5735	0	3931.63	453	0	607.359	620.936	63	64
interval_errors	0	6.7033	6.712	0	3931.63	453	0	600.656	607.359	62	63
interval_errors	0	10.219	10.0755	0	3931.63	453	0	590.437	600.656	61	62
interval_errors	0	15.7803	15.614	0	3931.63	453	0	574.657	590.437	60	61
interval_errors	0	7.3946	8.495	0	3931.63	453	0	567.262	574.657	59	60
interval_errors	0	5.1089	5.089	0	3931.63	453	0	562.153	567.262	58	59
interval_errors	0	3.1168	3.183	0	3931.63	453	0	559.036	562.153	57	58
interval_errors	0	14.0022	13.835	0	3931.63	453	0	545.034	559.036	56	57
interval_errors	0	3.0751	3.029	0	3931.63	453	0	541.959	545.034	55	56
interval_errors	0	2.7728	2.841	0	3931.63	453	0	539.186	541.959	54	55
interval_errors	0	8.4861	8.261	0	3931.63	453	0	530.7	539.186	53	54
interval_errors	0	8.7483	8.9455	0	3931.63	453	0	521.952	530.7	52	53
interval_errors	0	1.826	2.18	0	3931.63	453	0	520.126	521.952	51	52
interval_errors	0	26.5418	25.9935	0	3931.63	453	0	493.584	520.126	50	51
interval_errors	0	25.3005	25.4805	0	3931.63	453	0	468.284	493.584	49	50
interval_errors	0	37.6194	37.1765	0	3931.63	453	0	430.664	468.284	48	49
interval_errors	0	3.3503	3.412	0	3931.63	453	0	427.314	430.664	47	48
interval_errors	0	31.1144	30.06	0	3931.63	453	0	396.2	427.314	46	47
interval_errors	0	10.7681	10.557	0	3931.63	453	0	385.431	396.2	45	46
interval_errors	0	4.5087	4.4795	0	3931.63	453	0	380.923	385.431	44	45
interval_errors	0	3.0132	3.1895	0	3931.63	453	0	377.909	380.923	43	44
interval_errors	0	28.3938	29.543	0	3931.63	453	0	349.516	377.909	42	43
interval_errors	0	4.1472	4.123	0	3931.63	453	0	345.368	349.516	41	42
interval_errors	0	4.8384	4.878	0	3931.63	453	0	340.53	345.368	40	41
interval_errors	0	6.2537	6.086	0	3931.63	453	0	334.276	340.53	39	40
interval_errors	0	5.9413	5.978	0	3931.63	453	0	328.335	334.276	38	39
interval_errors	0	8.2727	8.14	0	3931.63	453	0	320.062	328.335	37	38
interval_errors	0	3.7556	3.671	0	3931.63	453	0	316.307	320.062	36	37
interval_errors	0	6.8996	6.844	0	3931.63	453	0	309.407	316.307	35	36
interval_errors	0	4.9401	4.865	0	3931.63	453	0	304.467	309.407	34	35
interval_errors	0	7.2525	6.784	0	3931.63	453	0	297.215	304.467	33	34
interval_errors	0	19.499	19.299	0	3931.63	453	0	277.716	297.215	32	33
interval_errors	0	3.8896	3.778	0	3931.63	453	0	273.826	277.716	31	32
interval_errors	0	2.6977	2.7765	0	3931.63	453	0	271.128	273.826	30	31
interval_errors	0	14.1039	13.9395	0	3931.63	453	0	257.024	271.128	29	30
interval_errors	0	14.4582	14.256	0	3931.63	453	0	242.566	257.024	28	29
interval_errors	0	10.0837	9.983	0	3931.63	453	0	232.483	242.566	27	28
interval_errors	0	26.2599	25.89	0	3931.63	453	0	206.223	232.483	26	27
interval_errors	0	2.5624	2.651	0	3931.63	453	0	203.66	206.223	25	26
interval_errors	0	8.0455	7.947	0	3931.63	453	0	195.615	203.66	24	25
interval_errors	0	14.064	13.589	0	3931.63	453	0	181.551	195.615	23	24
interval_errors	0	12.2981	12.649	0	3931.63	453	0	169.253	181.551	22	23
interval_errors	0	28.8884	28.791	0	3931.63	453	0	140.364	169.253	21	22
interval_errors	0	21.0462	20.98	0	3931.63	453	0	119.318	140.364	20	21
interval_errors	0	4.3028	4.257	0	3931.63	453	0	115.015	119.318	19	20
interval_errors	0	7.7251	7.612	0	3931.63	453	0	107.29	115.015	18	19
interval_errors	0	2.4108	2.591	0	3931.63	453	0	104.879	107.29	17	18
interval_errors	0	8.9701	8.774	0	3931.63	453	0	95.9092	104.879	16	17
interval_errors	0	3.5667	3.657	0	3931.63	453	0	92.3425	95.9092	15	16
interval_errors	0	2.884	2.923	0	3931.63	453	0	89.4585	92.3425	14	15
interval_errors	0	16.194	16.012	0	3931.63	453	0	73.2645	89.4585	13	14
interval_errors	0	2.5637	2.7335	0	3931.63	453	0	70.7008	73.2645	12	13
interval_errors	0	2.7936	2.5695	0	3931.63	453	0	67.9072	70.7008	11	12
interval_errors	0	3.3513	3.19	0	3931.63	453	0	64.5559	67.9072	10	11
interval_errors	0	17.2853	16.9015	0	3931.63	453	0	47.2706	64.5559	9	10
interval_errors	0	2.0251	2.344	0	3931.63	453	0	45.2455	47.2706	8	9
interval_errors	0	4.0476	3.7675	0	3931.63	453	0	41.1979	45.2455	7	8
interval_errors	0	8.8822	8.903	0	3931.63	453	0	32.3157	41.1979	6	7
interval_errors	0	3.6277	3.598	0	3931.63	453	0	28.688	32.3157	5	6
interval_errors	0	3.5061	3.5475	0	3931.63	453	0	25.1819	28.688	4	5
interval_errors	0	9.933	10.3315	0	3931.63	453	0	15.2489	25.1819	3	4
interval_errors	0	13.2995	13.04	0	3931.63	453	0	1.9494	15.2489	2	3
interval_errors	0	1.9294	2.23233	0	3931.63	453	0	0.02	1.9494	1	2
interval_errors	0	17.6996	17.5787	0	724.063	83	1	0.02	17.7196	1	2
interval_errors	0	18.7541	18.441	0	724.063	83	1	17.7196	36.4737	2	3
interval_errors	0	2.2417	2.58	0	724.063	83	1	36.4737	38.7154	3	4
interval_errors	0	35.833	35.747	0	724.063	83	1	38.7154	74.5484	4	5
interval_errors	0	4.0495	4.034	0	724.063	83	1	74.5484	78.5979	5	6
interval_errors	0	8.1684	8.036	0	724.063	83	1	78.5979	86.7663	6	7
interval_errors	0	3.4734	3.2605	0	724.063	83	1	86.7663	90.2397	7	8
interval_errors	0	7.5248	7.6285	0	724.063	83	1	90.2397	97.7645	8	9
interval_errors	0	11.6499	11.689	0	724.063	83	1	97.7645	109.414	9	10
interval_errors	0	15.792	15.593	0	724.063	83	1	109.414	125.206	10	11
interval_errors	0	10.7721	10.7	0	724.063	83	1	125.206	135.978	11	12
interval_errors	0	7.7192	7.706	0	724.063	83	1	135.978	143.698	12	13
interval_errors	0	26.4347	26.196	0	724.063	83	1	143.698	170.132	13	14
interval_errors	0	3.4934	3.538	0	724.063	83	1	170.132	173.626	14	15
interval_errors	0	7.6326	7.572	0	724.063	83	1	173.626	181.258	15	16
interval_errors	0	18.2889	18.024	0	724.063	83	1	181.258	199.547	16	17
interval_errors	0	3.2878	3.385	0	724.063	83	1	199.547	202.835	17	18
interval_errors	0	29.2321	28.966	0	724.063	83	1	202.835	232.067	18	19
interval_errors	0	12.0733	11.937	0	724.063	83	1	232.067	244.141	19	20
interval_errors	0	1.6701	1.892	0	3931.63	453	0	3929.24	3930.91	452	453
interval_errors	0	44.6048	43.956	0	3931.63	453	0	3884.64	3929.24	451	452
interval_errors	0	3.6546	3.694	0	3931.63	453	0	3880.98	3884.64	450	451
interval_errors	0	19.5149	20.1685	0	3931.63	453	0	3861.47	3880.98	449	450
interval_errors	0	3.3519	3.3205	0	3931.63	453	0	3858.12	3861.47	448	449
interval_errors	0	5.8918	5.829	0	3931.63	453	0	3852.23	3858.12	447	448
interval_errors	0	11.172	11.02	0	3931.63	453	0	3841.05	3852.23	446	447
interval_errors	0	7.1361	7.092	0	3931.63	453	0	3833.92	3841.05	445	446
interval_errors	0	5.9784	5.882	0	3931.63	453	0	3827.94	3833.92	444	445
interval_errors	0	14.1059	14.2565	0	3931.63	453	0	3813.83	3827.94	443	444
interval_errors	0	5.2939	5.0515	0	3931.63	453	0	3808.54	3813.83	442	443
interval_errors	0	8.6776	8.477	0	3931.63	453	0	3799.86	3808.54	441	442
interval_errors	0	4.952	4.919	0	3931.63	453	0	3794.91	3799.86	440	441
interval_errors	0	4.8911	4.837	0	3931.63	453	0	3790.02	3794.91	439	440
interval_errors	0	3.9844	4.286	0	3931.63	453	0	3786.03	3790.02	438	439
interval_errors	0	22.1801	21.713	0	3931.63	453	0	3763.85	3786.03	437	438
interval_errors	0	1.987	1.951	0	3931.63	453	0	3761.87	3763.85	436	437
interval_errors	0	1.3774	1.619	0	3931.63	453	0	3760.49	3761.87	435	436
interval_errors	0	5.6366	6.774	0	3931.63	453	0	3754.85	3760.49	434	435
interval_errors	0	7.9567	7.835	0	3931.63	453	0	3746.9	3754.85	433	434
interval_errors	0	4.8249	4.8975	0	3931.63	453	0	3742.07	3746.9	432	433
interval_errors	0	12.6278	12.3715	0	3931.63	453	0	3729.44	3742.07	431	432
interval_errors	0	5.0771	4.998	0	3931.63	453	0	3724.37	3729.44	430	431
interval_errors	0	2.2102	2.381	0	3931.63	453	0	3722.16	3724.37	429	430
interval_errors	0	26.6566	26.282	0	3931.63	453	0	3695.5	3722.16	428	429
interval_errors	0	3.9634	3.865	0	3931.63	453	0	3691.54	3695.5	427	428
interval_errors	0	5.9556	5.907	0	3931.63	453	0	3685.58	3691.54	426	427
interval_errors	0	15.8327	15.639	0	3931.63	453	0	3669.75	3685.58	424	426
interval_errors	0	5.4213	5.536	0	3931.63	453	0	3664.33	3669.75	423	424
interval_errors	0	7.263	7.107	0	3931.63	453	0	3657.06	3664.33	422	423
interval_errors	0	3.1044	3.177	0	3931.63	453	0	3653.96	3657.06	421	422
interval_errors	0	16.8947	16.7	0	3931.63	453	0	3637.06	3653.96	420	421
interval_errors	0	11.0271	10.967	0	3931.63	453	0	3626.04	3637.06	419	420
interval_errors	0	10.1133	9.938	0	3931.63	453	0	3615.92	3626.04	418	419
interval_errors	0	6.4046	6.378	0	3931.63	453	0	3609.52	3615.92	417	418
interval_errors	0	3.4101	3.26	0	3931.63	453	0	3606.11	3609.52	416	417
interval_errors	0	2.0805	2.007	0	3931.63	453	0	3604.03	3606.11	415	416
interval_errors	0	1.2182	1.683	0	3931.63	453	0	3602.81	3604.03	414	415
interval_errors	0	3.5269	3.16	0	3931.63	453	0	3599.28	3602.81	413	414
interval_errors	0	8.683	9.768	0	3931.63	453	0	3590.6	3599.28	412	413
interval_errors	0	15.0575	14.9	0	3931.63	453	0	3575.54	3590.6	411	412
interval_errors	0	6.9609	6.918	0	3931.63	453	0	3568.58	3575.54	410	411
interval_errors	0	3.0357	3.061	0	3931.63	453	0	3565.55	3568.58	409	410
interval_errors	0	7.27	8.222	0	3931.63	453	0	3558.28	3565.55	407	409
interval_errors	0	15.4728	16.321	0	3931.63	453	0	3542.8	3558.28	406	407
interval_errors	0	16.3364	16.486	0	3931.63	453	0	3526.47	3542.8	405	406
interval_errors	0	1.1588	1.239	0	3931.63	453	0	3525.31	3526.47	404	405
interval_errors	0	8.5906	8.686	0	3931.63	453	0	3516.72	3525.31	403	404
interval_errors	0	3.5204	3.236	0	3931.63	453	0	3513.2	3516.72	402	403
interval_errors	0	1.7521	2.016	0	3931.63	453	0	3511.45	3513.2	401	402
interval_errors	0	23.0277	22.749	0	3931.63	453	0	3488.42	3511.45	400	401
interval_errors	0	9.1927	9.004	0	3931.63	453	0	3479.22	3488.42	399	400
interval_errors	0	7.5234	7.1795	0	3931.63	453	0	3471.7	3479.22	398	399
interval_errors	0	15.1104	14.7345	0	3931.63	453	0	3456.59	3471.7	397	398
interval_errors	0	8.5698	8.958	0	3931.63	453	0	3448.02	3456.59	396	397
interval_errors	0	6.5843	6.547	0	3931.63	453	0	3441.44	3448.02	395	396
interval_errors	0	16.3243	16.131	0	3931.63	453	0	3425.11	3441.44	394	395
interval_errors	0	5.5613	5.548	0	3931.63	453	0	3419.55	3425.11	393	394
interval_errors	0	4.8225	4.768	0	3931.63	453	0	3414.73	3419.55	392	393
interval_errors	0	5.2208	5.168	0	3931.63	453	0	3409.51	3414.73	391	392
interval_errors	0	5.5556	5.509	0	3931.63	453	0	3403.95	3409.51	390	391
interval_errors	0	9.5835	9.524	0	3931.63	453	0	3394.37	3403.95	389	390
interval_errors	0	20.3883	20.316	0	3931.63	453	0	3373.98	3394.37	388	389
interval_errors	0	3.785	3.649	0	3931.63	453	0	3370.2	3373.98	387	388
interval_errors	0	2.5907	2.708	0	3931.63	453	0	3367.61	3370.2	386	387
interval_errors	0	5.7608	5.662	0	3931.63	453	0	3361.84	3367.61	385	386
interval_errors	0	9.2329	9.078	0	3931.63	453	0	3352.61	3361.84	384	385
interval_errors	0	13.1593	12.98	0	3931.63	453	0	3339.45	3352.61	383	384
interval_errors	0	3.3998	3.463	0	3931.63	453	0	3336.05	3339.45	382	383
interval_errors	0	10.4365	10.29	0	3931.63	453	0	3325.62	3336.05	381	382
interval_errors	0	2.7728	2.537	0	3931.63	453	0	3322.84	3325.62	380	381
interval_errors	0	1.8749	2.062	0	3931.63	453	0	3320.97	3322.84	379	380
interval_errors	0	8.3395	8.5335	0	3931.63	453	0	3312.63	3320.97	378	379
interval_errors	0	3.7712	3.4445	0	3931.63	453	0	3308.86	3312.63	377	378
interval_errors	0	3.4843	3.4675	0	3931.63	453	0	3305.37	3308.86	376	377
interval_errors	0	5.3528	5.2465	0	3931.63	453	0	3300.02	3305.37	375	376
interval_errors	0	2.803	2.833	0	3931.63	453	0	3297.22	3300.02	374	375
interval_errors	0	3.9524	3.831	0	3931.63	453	0	3293.26	3297.22	373	374
interval_errors	0	5.5718	5.623	0	3931.63	453	0	3287.69	3293.26	372	373
interval_errors	0	3.6954	3.442	0	3931.63	453	0	3284	3287.69	371	372
interval_errors	0	2.2793	2.455	0	3931.63	453	0	3281.72	3284	370	371
interval_errors	0	17.2231	16.985	0	3931.63	453	0	3264.5	3281.72	369	370
interval_errors	0	14.233	14.055	0	3931.63	453	0	3250.26	3264.5	368	369
interval_errors	0	32.021	31.83	0	3931.63	453	0	3218.24	3250.26	367	368
interval_errors	0	13.0634	12.783	0	3931.63	453	0	3205.18	3218.24	366	367
interval_errors	0	1.8646	2.059	0	3931.63	453	0	3203.31	3205.18	365	366
interval_errors	0	1.9047	1.956	0	3931.63	453	0	3201.41	3203.31	364	365
interval_errors	0	3.0283	2.73	0	3931.63	453	0	3198.38	3201.41	363	364
interval_errors	0	2.7164	2.604	0	3931.63	453	0	3195.66	3198.38	362	363
interval_errors	0	1.7889	1.924	0	3931.63	453	0	3193.87	3195.66	361	362
interval_errors	0	9.3025	9.046	0	3931.63	453	0	3184.57	3193.87	360	361
interval_errors	0	5.1321	5.052	0	3931.63	453	0	3179.44	3184.57	359	360
interval_errors	0	4.6016	4.56	0	3931.63	453	0	3174.84	3179.44	358	359
interval_errors	0	2.5198	2.709	0	3931.63	453	0	3172.32	3174.84	357	358
interval_errors	0	4.6802	4.576	0	3931.63	453	0	3167.64	3172.32	356	357
interval_errors	0	18.7194	18.299	0	3931.63	453	0	3148.92	3167.64	355	356
interval_errors	0	2.435	2.299	0	3931.63	453	0	3146.48	3148.92	354	355
interval_errors	0	1.7914	1.97	0	3931.63	453	0	3144.69	3146.48	353	354
interval_errors	0	11.7037	11.591	0	3931.63	453	0	3132.99	3144.69	352	353
interval_errors	0	9.4308	9.317	0	3931.63	453	0	3123.56	3132.99	351	352
interval_errors	0	12.6301	12.276	0	3931.63	453	0	3110.93	3123.56	350	351
interval_errors	0	1.8594	2.103	0	3931.63	453	0	3109.07	3110.93	349	350
interval_errors	0	4.0532	3.918	0	3931.63	453	0	3105.02	3109.07	348	349
interval_errors	0	5.7801	5.715	0	3931.63	453	0	3099.24	3105.02	347	348
interval_errors	0	6.8986	6.558	0	3931.63	453	0	3092.34	3099.24	346	347
interval_errors	0	1.8568	2.2855	0	3931.63	453	0	3090.48	3092.34	345	346
interval_errors	0	16.3081	16.0245	0	3931.63	453	0	3074.17	3090.48	344	345
interval_errors	0	9.1576	9.01	0	3931.63	453	0	3065.01	3074.17	343	344
interval_errors	0	3.6125	3.6796	0	3931.63	453	0	3061.4	3065.01	342	343
interval_errors	0	3.4991	3.6534	0	3931.63	453	0	3057.9	3061.4	341	342
interval_errors	0	14.9088	14.682	0	3931.63	453	0	3042.99	3057.9	340	341
interval_errors	0	6.8128	6.695	0	3931.63	453	0	3036.18	3042.99	339	340
interval_errors	0	14.509	14.384	0	3931.63	453	0	3021.67	3036.18	338	339
interval_errors	0	25.4363	25.164	0	3931.63	453	0	2996.24	3021.67	337	338
interval_errors	0	11.3586	11.401	0	3931.63	453	0	2984.88	2996.24	336	337
interval_errors	0	14.9311	14.738	0	3931.63	453	0	2969.95	2984.88	335	336
interval_errors	0	8.0846	7.973	0	3931.63	453	0	2961.86	2969.95	334	335
interval_errors	0	10.5024	10.286	0	3931.63	453	0	2951.36	2961.86	333	334
interval_errors	0	8.0977	8.042	0	3931.63	453	0	2943.26	2951.36	332	333
interval_errors	0	3.3536	3.363	0	3931.63	453	0	2939.91	2943.26	331	332
interval_errors	0	6.4657	6.29	0	3931.63	453	0	2933.44	2939.91	330	331
interval_errors	0	27.863	27.746	0	3931.63	453	0	2905.58	2933.44	329	330
interval_errors	0	6.7966	6.741	0	3931.63	453	0	2898.78	2905.58	328	329
interval_errors	0	10.8651	10.791	0	3931.63	453	0	2887.92	2898.78	327	328
interval_errors	0	16.9235	16.553	0	3931.63	453	0	2870.99	2887.92	326	327
interval_errors	0	1.5888	1.743	0	3931.63	453	0	2869.41	2870.99	325	326
interval_errors	0	6.8876	6.732	0	3931.63	453	0	2862.52	2869.41	324	325
interval_errors	0	8.6958	8.739	0	3931.63	453	0	2853.82	2862.52	323	324
interval_errors	0	6.4386	6.3935	0	3931.63	453	0	2847.38	2853.82	322	323
interval_errors	0	6.952	6.8695	0	3931.63	453	0	2840.43	2847.38	321	322
interval_errors	0	14.2966	14.097	0	3931.63	453	0	2826.13	2840.43	320	321
interval_errors	0	27.5541	27.584	0	3931.63	453	0	2798.58	2826.13	319	320
interval_errors	0	16.5342	16.277	0	3931.63	453	0	2782.05	2798.58	318	319
interval_errors	0	12.7288	12.677	0	3931.63	453	0	2769.32	2782.05	317	318
interval_errors	0	7.2171	7.185	0	3931.63	453	0	2762.1	2769.32	316	317
interval_errors	0	7.1174	7.018	0	3931.63	453	0	2754.98	2762.1	315	316
interval_errors	0	5.614	5.551	0	3931.63	453	0	2749.37	2754.98	314	315
interval_errors	0	3.5128	3.7025	0	3931.63	453	0	2745.86	2749.37	313	314
interval_errors	0	2.253	2.1775	0	3931.63	453	0	2743.6	2745.86	312	313
interval_errors	0	1.2371	1.316	0	3931.63	453	0	2742.37	2743.6	311	312
interval_errors	0	21.8487	21.683	0	724.063	83	1	244.141	265.989	20	21
interval_errors	0	27.6641	27.516	0	724.063	83	1	265.989	293.653	21	22
interval_errors	0	9.5943	9.648	0	724.063	83	1	293.653	303.248	22	23
interval_errors	0	4.3753	4.1005	0	724.063	83	1	303.248	307.623	23	24
interval_errors	0	4.68	4.6165	0	724.063	83	1	307.623	312.303	24	25
interval_errors	0	4.0926	4.059	0	724.063	83	1	312.303	316.396	25	26
interval_errors	0	10.6584	10.487	0	724.063	83	1	316.396	327.054	26	27
interval_errors	0	10.179	9.867	0	724.063	83	1	327.054	337.233	27	28
interval_errors	0	1.9215	2.005	0	724.063	83	1	337.233	339.154	28	29
interval_errors	0	1.3583	1.64133	0	724.063	83	1	339.154	340.513	29	30
interval_errors	0	7.0101	6.75267	0	724.063	83	1	340.513	347.523	30	31
interval_errors	0	3.0863	3.104	0	724.063	83	1	347.523	350.609	31	32
interval_errors	0	16.3332	16.195	0	724.063	83	1	350.609	366.942	32	33
interval_errors	0	9.9226	9.791	0	724.063	83	1	366.942	376.865	33	34
interval_errors	0	4.4673	4.542	0	724.063	83	1	376.865	381.332	34	35
interval_errors	0	3.904	4.615	0	724.063	83	1	381.332	385.236	35	36
interval_errors	0	4.481	4.438	0	724.063	83	1	385.236	389.717	36	37
interval_errors	0	4.3685	4.207	0	724.063	83	1	389.717	394.086	37	38
interval_errors	0	3.429	3.4455	0	724.063	83	1	394.086	397.515	38	39
interval_errors	0	6.7206	6.5785	0	724.063	83	1	397.515	404.235	39	40
interval_errors	0	2.608	2.668	0	724.063	83	1	404.235	406.843	40	41
interval_errors	0	3.9596	4.083	0	724.063	83	1	406.843	410.803	41	42
interval_errors	0	11.0912	10.939	0	724.063	83	1	410.803	421.894	42	43
interval_errors	0	20.7984	20.4948	0	724.063	83	1	421.894	442.692	43	44
interval_errors	0	11.032	10.9783	0	724.063	83	1	442.692	453.725	44	45
interval_errors	0	17.5634	17.627	0	724.063	83	1	453.725	471.288	45	46
interval_errors	0	22.4064	22.362	0	724.063	83	1	471.288	493.694	46	47
interval_errors	0	2.1203	2.359	0	724.063	83	1	493.694	495.815	47	48
interval_errors	0	10.6313	10.317	0	724.063	83	1	495.815	506.446	48	49
interval_errors	0	9.9308	9.877	0	724.063	83	1	506.446	516.377	49	50
interval_errors	0	6.5734	6.196	0	724.063	83	1	516.377	522.95	50	51
interval_errors	0	1.4579	1.601	0	724.063	83	1	522.95	524.408	51	52
interval_errors	0	6.5659	6.601	0	724.063	83	1	524.408	530.974	52	53
interval_errors	0	5.4945	5.49	0	724.063	83	1	530.974	536.468	53	54
interval_errors	0	4.6975	4.667	0	724.063	83	1	536.468	541.166	54	55
interval_errors	0	6.995	6.962	0	724.063	83	1	541.166	548.161	55	56
interval_errors	0	4.6836	4.57	0	724.063	83	1	548.161	552.845	56	57
interval_errors	0	1.0145	1.428	0	724.063	83	1	552.845	553.859	57	58
interval_errors	0	12.7697	12.424	0	724.063	83	1	553.859	566.629	58	59
interval_errors	0	9.0861	8.835	0	724.063	83	1	566.629	575.715	59	60
interval_errors	0	2.3729	2.174	0	724.063	83	1	575.715	578.088	60	61
interval_errors	0	1.1139	1.462	0	724.063	83	1	578.088	579.202	61	62
interval_errors	0	2.478	2.539	0	724.063	83	1	579.202	581.68	62	63
interval_errors	0	5.21	5.056	0	724.063	83	1	581.68	586.89	63	64
interval_errors	0	24.6436	24.42	0	724.063	83	1	586.89	611.533	64	65
interval_errors	0	4.604	4.426	0	724.063	83	1	611.533	616.137	65	66
interval_errors	0	1.9778	2.186	0	724.063	83	1	616.137	618.115	66	67
interval_errors	0	7.6924	7.441	0	724.063	83	1	618.115	625.807	67	68
interval_errors	0	3.2089	3.286	0	724.063	83	1	625.807	629.016	68	69
interval_errors	0	4.7053	4.533	0	724.063	83	1	629.016	633.722	69	70
interval_errors	0	2.9312	2.934	0	724.063	83	1	633.722	636.653	70	71
interval_errors	0	3.2725	3.304	0	724.063	83	1	636.653	639.925	71	72
interval_errors	0	4.8399	4.778	0	724.063	83	1	639.925	644.765	72	73
interval_errors	0	13.2513	13.169	0	724.063	83	1	644.765	658.017	73	74
interval_errors	0	4.6175	4.539	0	724.063	83	1	658.017	662.634	74	75
interval_errors	0	11.4975	11.49	0	724.063	83	1	662.634	674.131	75	76
interval_errors	0	14.4331	14.3598	0	724.063	83	1	674.131	688.565	76	77
interval_errors	0	4.1974	4.01525	0	724.063	83	1	688.565	692.762	77	78
interval_errors	0	4.4851	4.744	0	724.063	83	1	692.762	697.247	78	79
interval_errors	0	7.8722	7.539	0	724.063	83	1	697.247	705.119	79	80
interval_errors	0	8.0048	7.894	0	724.063	83	1	705.119	713.124	80	81
interval_errors	0	4.7233	4.791	0	724.063	83	1	713.124	717.847	81	82
interval_errors	0	6.1956	6.2095	0	724.063	83	1	717.847	724.043	82	83
interval_errors	0	24.9475	25.7655	0	3931.63	453	0	2705.09	2730.04	308	309
interval_errors	0	4.8134	4.8475	0	3931.63	453	0	2700.28	2705.09	307	308
interval_errors	0	2.7551	3.016	0	3931.63	453	0	2697.52	2700.28	306	307
interval_errors	0	2.6013	2.59	0	3931.63	453	0	2694.92	2697.52	305	306
interval_errors	0	12.9574	12.729	0	3931.63	453	0	2681.96	2694.92	304	305
interval_errors	0	5.3813	5.317	0	3931.63	453	0	2676.58	2681.96	303	304
interval_errors	0	2.8957	2.8	0	3931.63	453	0	2673.69	2676.58	302	303
interval_errors	0	3.1393	3.29	0	3931.63	453	0	2670.55	2673.69	301	302
interval_errors	0	20.6382	20.269	0	3931.63	453	0	2649.91	2670.55	300	301
interval_errors	0	4.6894	4.742	0	3931.63	453	0	2645.22	2649.91	299	300
interval_errors	0	7.3317	7.198	0	3931.63	453	0	2637.89	2645.22	298	299
interval_errors	0	2.9906	3.027	0	3931.63	453	0	2634.9	2637.89	297	298
interval_errors	0	14.4666	14.282	0	3931.63	453	0	2620.43	2634.9	296	297
interval_errors	0	7.495	7.462	0	3931.63	453	0	2612.94	2620.43	295	296
interval_errors	0	3.031	3.082	0	3931.63	453	0	2609.91	2612.94	294	295
interval_errors	0	19.8335	20.364	0	3931.63	453	0	2590.07	2609.91	293	294
interval_errors	0	16.1814	16.035	0	3931.63	453	0	2573.89	2590.07	292	293
interval_errors	0	7.6093	7.51	0	3931.63	453	0	2566.28	2573.89	291	292
interval_errors	0	6.0941	6.124	0	3931.63	453	0	2560.19	2566.28	290	291
interval_errors	0	17.9653	17.6615	0	3931.63	453	0	2542.22	2560.19	289	290
interval_errors	0	2.7497	2.692	0	3931.63	453	0	2539.47	2542.22	288	289
interval_errors	0	4.9745	5.086	0	3931.63	453	0	2534.5	2539.47	287	288
interval_errors	0	17.78	17.6938	0	3931.63	453	0	2516.72	2534.5	286	287
interval_errors	0	4.9272	4.89375	0	3931.63	453	0	2511.79	2516.72	285	286
interval_errors	0	8.0669	8.007	0	3931.63	453	0	2503.72	2511.79	284	285
interval_errors	0	4.3563	4.0975	0	3931.63	453	0	2499.37	2503.72	283	284
interval_errors	0	15.1094	15.2685	0	3931.63	453	0	2484.26	2499.37	282	283
interval_errors	0	9.6295	9.52867	0	3931.63	453	0	2474.63	2484.26	281	282
interval_errors	0	15.2152	15.2473	0	3931.63	453	0	2459.41	2474.63	280	281
interval_errors	0	5.2952	5.3775	0	3931.63	453	0	2454.12	2459.41	279	280
interval_errors	0	10.4424	9.9655	0	3931.63	453	0	2443.68	2454.12	278	279
interval_errors	0	9.2463	8.932	0	3931.63	453	0	2434.43	2443.68	277	278
interval_errors	0	1.5341	1.77	0	3931.63	453	0	2432.9	2434.43	276	277
interval_errors	0	1.5868	1.707	0	3931.63	453	0	2431.31	2432.9	275	276
interval_errors	0	4.6605	4.377	0	3931.63	453	0	2426.65	2431.31	274	275
interval_errors	0	3.7632	3.808	0	3931.63	453	0	2422.89	2426.65	273	274
interval_errors	0	36.5834	36.053	0	3931.63	453	0	2386.3	2422.89	272	273
interval_errors	0	10.6373	10.56	0	3931.63	453	0	2375.66	2386.3	271	272
interval_errors	0	18.0405	18.694	0	3931.63	453	0	2357.62	2375.66	270	271
interval_errors	0	12.5683	12.435	0	3931.63	453	0	2345.06	2357.62	269	270
interval_errors	0	2.4232	2.459	0	3931.63	453	0	2342.63	2345.06	268	269
interval_errors	0	3.5271	3.328	0	3931.63	453	0	2339.11	2342.63	267	268
interval_errors	0	4.4639	4.319	0	3931.63	453	0	2334.64	2339.11	266	267
interval_errors	0	2.0534	2.255	0	3931.63	453	0	2332.59	2334.64	265	266
interval_errors	0	8.4514	8.164	0	3931.63	453	0	2324.14	2332.59	264	265
interval_errors	0	2.3502	2.46	0	3931.63	453	0	2321.79	2324.14	263	264
interval_errors	0	23.0734	22.885	0	3931.63	453	0	2298.71	2321.79	262	263
interval_errors	0	7.35	7.331	0	3931.63	453	0	2291.36	2298.71	261	262
interval_errors	0	17.4998	17.336	0	3931.63	453	0	2273.86	2291.36	260	261
interval_errors	0	18.7469	18.439	0	3931.63	453	0	2255.12	2273.86	259	260
interval_errors	0	3.1896	3.209	0	3931.63	453	0	2251.93	2255.12	258	259
interval_errors	0	4.6409	4.524	0	3931.63	453	0	2247.29	2251.93	257	258
interval_errors	0	2.1564	2.292	0	3931.63	453	0	2245.13	2247.29	256	257
interval_errors	0	15.552	15.23	0	3931.63	453	0	2229.58	2245.13	255	256
interval_errors	0	3.141	3.2015	0	3931.63	453	0	2226.44	2229.58	254	255
interval_errors	0	5.8634	5.6955	0	3931.63	453	0	2220.57	2226.44	253	254
interval_errors	0	2.8529	2.896	0	3931.63	453	0	2217.72	2220.57	252	253
interval_errors	0	7.0501	6.974	0	3931.63	453	0	2210.67	2217.72	251	252
interval_errors	0	5.2871	5.5935	0	3931.63	453	0	2205.38	2210.67	250	251
interval_errors	0	6.4915	7.5245	0	3931.63	453	0	2198.89	2205.38	249	250
interval_errors	0	19.869	19.83	0	3931.63	453	0	2179.02	2198.89	248	249
interval_errors	0	22.3637	22.207	0	3931.63	453	0	2156.66	2179.02	247	248
interval_errors	0	32.3665	32.102	0	3931.63	453	0	2124.29	2156.66	246	247
interval_errors	0	1.2697	1.595	0	3931.63	453	0	2056.59	2057.86	241	242
interval_errors	0	10.6907	10.6435	0	3931.63	453	0	2045.9	2056.59	240	241
interval_errors	0	9.465	9.3635	0	3931.63	453	0	2036.44	2045.9	239	240
interval_errors	0	6.2684	6.1335	0	3931.63	453	0	2030.17	2036.44	238	239
interval_errors	0	6.084	6.2445	0	3931.63	453	0	2024.09	2030.17	237	238
interval_errors	0	4.3936	4.2855	0	3931.63	453	0	2019.69	2024.09	236	237
