#interval_tag	giter	x	y	end	mol_length	mol_sites	mapid	x0_loc	x1_loc	x0_site	x1_site
interval_errors	0	0.02	22.5445	1	3932.13	449	0	0	0.02	0	1
interval_errors	0	1.682	1.892	0	3932.13	449	0	0.02	1.702	1	2
interval_errors	0	44.5235	43.956	0	3932.13	449	0	1.702	46.2255	2	3
interval_errors	0	3.6818	3.694	0	3932.13	449	0	46.2255	49.9073	3	4
interval_errors	0	19.5286	20.1685	0	3932.13	449	0	49.9073	69.4359	4	5
interval_errors	0	3.337	3.3205	0	3932.13	449	0	69.4359	72.7729	5	6
interval_errors	0	5.8857	5.829	0	3932.13	449	0	72.7729	78.6586	6	7
interval_errors	0	11.179	11.02	0	3932.13	449	0	78.6586	89.8376	7	8
interval_errors	0	7.1647	7.092	0	3932.13	449	0	89.8376	97.0023	8	9
interval_errors	0	5.9769	5.882	0	3932.13	449	0	97.0023	102.979	9	10
interval_errors	0	14.1268	14.2565	0	3932.13	449	0	102.979	117.106	10	11
interval_errors	0	5.3619	5.0515	0	3932.13	449	0	117.106	122.468	11	12
interval_errors	0	8.678	8.477	0	3932.13	449	0	122.468	131.146	12	13
interval_errors	0	4.9499	4.919	0	3932.13	449	0	131.146	136.096	13	14
interval_errors	0	4.8776	4.837	0	3932.13	449	0	136.096	140.973	14	15
interval_errors	0	3.9826	4.286	0	3932.13	449	0	140.973	144.956	15	16
interval_errors	0	22.1751	21.713	0	3932.13	449	0	144.956	167.131	16	17
interval_errors	0	2.0126	1.951	0	3932.13	449	0	167.131	169.144	17	18
interval_errors	0	1.3281	1.619	0	3932.13	449	0	169.144	170.472	18	19
interval_errors	0	5.6505	6.774	0	3932.13	449	0	170.472	176.122	19	20
interval_errors	0	7.9745	7.835	0	3932.13	449	0	176.122	184.097	20	21
interval_errors	0	4.8461	4.8975	0	3932.13	449	0	184.097	188.943	21	22
interval_errors	0	12.6083	12.3715	0	3932.13	449	0	188.943	201.551	22	23
interval_errors	0	5.0967	4.998	0	3932.13	449	0	201.551	206.648	23	24
interval_errors	0	2.2225	2.381	0	3932.13	449	0	206.648	208.87	24	25
interval_errors	0	26.7288	26.282	0	3932.13	449	0	208.87	235.599	25	26
interval_errors	0	3.9565	3.865	0	3932.13	449	0	235.599	239.556	26	27
interval_errors	0	5.9512	5.907	0	3932.13	449	0	239.556	245.507	27	28
interval_errors	0	15.8258	15.639	0	3932.13	449	0	245.507	261.333	28	30
interval_errors	0	5.4371	5.536	0	3932.13	449	0	261.333	266.77	30	31
interval_errors	0	7.2536	7.107	0	3932.13	449	0	266.77	274.023	31	32
interval_errors	0	3.1096	3.177	0	3932.13	449	0	274.023	277.133	32	33
interval_errors	0	16.9235	16.7	0	3932.13	449	0	277.133	294.057	33	34
interval_errors	0	11.0341	10.967	0	3932.13	449	0	294.057	305.091	34	35
interval_errors	0	10.1187	9.938	0	3932.13	449	0	305.091	315.209	35	36
interval_errors	0	6.4176	6.378	0	3932.13	449	0	315.209	321.627	36	37
interval_errors	0	3.394	3.26	0	3932.13	449	0	321.627	325.021	37	38
interval_errors	0	2.0571	2.007	0	3932.13	449	0	325.021	327.078	38	39
interval_errors	0	1.2142	1.683	0	3932.13	449	0	327.078	328.292	39	40
interval_errors	0	3.5349	3.16	0	3932.13	449	0	328.292	331.827	40	41
interval_errors	0	8.6989	9.768	0	3932.13	449	0	331.827	340.526	41	42
interval_errors	0	15.0716	14.9	0	3932.13	449	0	340.526	355.598	42	43
interval_errors	0	6.9711	6.918	0	3932.13	449	0	355.598	362.569	43	44
interval_errors	0	3.0238	3.061	0	3932.13	449	0	362.569	365.593	44	45
interval_errors	0	7.2703	8.222	0	3932.13	449	0	365.593	372.863	45	47
interval_errors	0	15.4748	16.321	0	3932.13	449	0	372.863	388.338	47	48
interval_errors	0	16.8584	17.1055	0	3932.13	449	0	388.338	405.196	48	49
interval_errors	0	9.1709	9.3055	0	3932.13	449	0	405.196	414.367	49	50
interval_errors	0	3.4447	3.236	0	3932.13	449	0	414.367	417.812	50	51
interval_errors	0	1.7429	2.016	0	3932.13	449	0	417.812	419.555	51	52
interval_errors	0	23.0044	22.749	0	3932.13	449	0	419.555	442.559	52	53
interval_errors	0	9.1992	9.004	0	3932.13	449	0	442.559	451.758	53	54
interval_errors	0	7.4913	7.1795	0	3932.13	449	0	451.758	459.249	54	55
interval_errors	0	15.1418	14.7345	0	3932.13	449	0	459.249	474.391	55	56
interval_errors	0	8.5434	8.958	0	3932.13	449	0	474.391	482.935	56	57
interval_errors	0	6.5795	6.547	0	3932.13	449	0	482.935	489.514	57	58
interval_errors	0	16.3396	16.131	0	3932.13	449	0	489.514	505.854	58	59
interval_errors	0	5.5467	5.548	0	3932.13	449	0	505.854	511.4	59	60
interval_errors	0	4.8126	4.768	0	3932.13	449	0	511.4	516.213	60	61
interval_errors	0	5.1969	5.168	0	3932.13	449	0	516.213	521.41	61	62
interval_errors	0	5.5352	5.509	0	3932.13	449	0	521.41	526.945	62	63
interval_errors	0	9.605	9.524	0	3932.13	449	0	526.945	536.55	63	64
interval_errors	0	20.4133	20.316	0	3932.13	449	0	536.55	556.963	64	65
interval_errors	0	3.7972	3.649	0	3932.13	449	0	556.963	560.761	65	66
interval_errors	0	2.5913	2.708	0	3932.13	449	0	560.761	563.352	66	67
interval_errors	0	5.7606	5.662	0	3932.13	449	0	563.352	569.113	67	68
interval_errors	0	9.2342	9.078	0	3932.13	449	0	569.113	578.347	68	69
interval_errors	0	13.1783	12.98	0	3932.13	449	0	578.347	591.525	69	70
interval_errors	0	3.3139	3.463	0	3932.13	449	0	591.525	594.839	70	71
interval_errors	0	10.4324	10.29	0	3932.13	449	0	594.839	605.271	71	72
interval_errors	0	2.7741	2.537	0	3932.13	449	0	605.271	608.045	72	73
interval_errors	0	1.8898	2.062	0	3932.13	449	0	608.045	609.935	73	74
interval_errors	0	8.3448	8.5335	0	3932.13	449	0	609.935	618.28	74	75
interval_errors	0	3.8352	3.4445	0	3932.13	449	0	618.28	622.115	75	76
interval_errors	0	3.4812	3.4675	0	3932.13	449	0	622.115	625.596	76	77
interval_errors	0	5.2803	5.2465	0	3932.13	449	0	625.596	630.877	77	78
interval_errors	0	2.796	2.833	0	3932.13	449	0	630.877	633.673	78	79
interval_errors	0	3.8634	3.831	0	3932.13	449	0	633.673	637.536	79	80
interval_errors	0	5.5753	5.623	0	3932.13	449	0	637.536	643.111	80	81
interval_errors	0	3.6164	3.442	0	3932.13	449	0	643.111	646.728	81	82
interval_errors	0	2.3353	2.455	0	3932.13	449	0	646.728	649.063	82	83
interval_errors	0	17.2469	16.985	0	3932.13	449	0	649.063	666.31	83	84
interval_errors	0	14.2492	14.055	0	3932.13	449	0	666.31	680.559	84	85
interval_errors	0	31.9524	31.83	0	3932.13	449	0	680.559	712.512	85	86
interval_errors	0	13.0237	12.783	0	3932.13	449	0	712.512	725.535	86	87
interval_errors	0	1.9056	2.059	0	3932.13	449	0	725.535	727.441	87	88
interval_errors	0	1.9079	1.956	0	3932.13	449	0	727.441	729.349	88	89
interval_errors	0	3.0218	2.73	0	3932.13	449	0	729.349	732.371	89	90
interval_errors	0	2.7065	2.604	0	3932.13	449	0	732.371	735.077	90	91
interval_errors	0	1.7328	1.924	0	3932.13	449	0	735.077	736.81	91	92
interval_errors	0	9.2679	9.046	0	3932.13	449	0	736.81	746.078	92	93
interval_errors	0	5.1432	5.052	0	3932.13	449	0	746.078	751.221	93	94
interval_errors	0	4.6126	4.56	0	3932.13	449	0	751.221	755.834	94	95
interval_errors	0	2.5443	2.709	0	3932.13	449	0	755.834	758.378	95	96
interval_errors	0	4.6715	4.576	0	3932.13	449	0	758.378	763.049	96	97
interval_errors	0	18.736	18.299	0	3932.13	449	0	763.049	781.785	97	98
interval_errors	0	2.4399	2.299	0	3932.13	449	0	781.785	784.225	98	99
interval_errors	0	1.7883	1.97	0	3932.13	449	0	784.225	786.014	99	100
interval_errors	0	11.6839	11.591	0	3932.13	449	0	786.014	797.697	100	101
interval_errors	0	9.4287	9.317	0	3932.13	449	0	797.697	807.126	101	102
interval_errors	0	12.6325	12.276	0	3932.13	449	0	807.126	819.759	102	103
interval_errors	0	1.8785	2.103	0	3932.13	449	0	819.759	821.637	103	104
interval_errors	0	4.0359	3.918	0	3932.13	449	0	821.637	825.673	104	105
interval_errors	0	5.7628	5.715	0	3932.13	449	0	825.673	831.436	105	106
interval_errors	0	6.901	6.558	0	3932.13	449	0	831.436	838.337	106	107
interval_errors	0	1.8799	2.2855	0	3932.13	449	0	838.337	840.217	107	108
interval_errors	0	16.2952	16.0245	0	3932.13	449	0	840.217	856.512	108	109
interval_errors	0	9.158	9.01	0	3932.13	449	0	856.512	865.67	109	110
interval_errors	0	3.6283	3.6796	0	3932.13	449	0	865.67	869.298	110	111
interval_errors	0	3.489	3.6534	0	3932.13	449	0	869.298	872.787	111	112
interval_errors	0	14.9838	14.682	0	3932.13	449	0	872.787	887.771	112	113
interval_errors	0	6.8069	6.695	0	3932.13	449	0	887.771	894.578	113	114
interval_errors	0	14.5134	14.384	0	3932.13	449	0	894.578	909.091	114	115
interval_errors	0	25.4459	25.164	0	3932.13	449	0	909.091	934.537	115	116
interval_errors	0	11.3459	11.401	0	3932.13	449	0	934.537	945.883	116	117
interval_errors	0	14.9263	14.738	0	3932.13	449	0	945.883	960.81	117	118
interval_errors	0	8.0912	7.973	0	3932.13	449	0	960.81	968.901	118	119
interval_errors	0	10.5682	10.286	0	3932.13	449	0	968.901	979.469	119	120
interval_errors	0	8.0758	8.042	0	3932.13	449	0	979.469	987.545	120	121
interval_errors	0	3.4077	3.363	0	3932.13	449	0	987.545	990.952	121	122
interval_errors	0	6.4602	6.29	0	3932.13	449	0	990.952	997.413	122	123
interval_errors	0	27.8891	27.746	0	3932.13	449	0	997.413	1025.3	123	124
interval_errors	0	6.8251	6.741	0	3932.13	449	0	1025.3	1032.13	124	125
interval_errors	0	10.8307	10.791	0	3932.13	449	0	1032.13	1042.96	125	126
interval_errors	0	17.0372	16.553	0	3932.13	449	0	1042.96	1059.99	126	127
interval_errors	0	1.5045	1.743	0	3932.13	449	0	1059.99	1061.5	127	128
interval_errors	0	6.8819	6.732	0	3932.13	449	0	1061.5	1068.38	128	129
interval_errors	0	8.7149	8.739	0	3932.13	449	0	1068.38	1077.1	129	130
interval_errors	0	6.4457	6.3935	0	3932.13	449	0	1077.1	1083.54	130	131
interval_errors	0	6.9345	6.8695	0	3932.13	449	0	1083.54	1090.48	131	132
interval_errors	0	14.3167	14.097	0	3932.13	449	0	1090.48	1104.79	132	133
interval_errors	0	27.5657	27.584	0	3932.13	449	0	1104.79	1132.36	133	134
interval_errors	0	16.5633	16.277	0	3932.13	449	0	1132.36	1148.92	134	135
interval_errors	0	12.7318	12.677	0	3932.13	449	0	1148.92	1161.65	135	136
interval_errors	0	7.2325	7.185	0	3932.13	449	0	1161.65	1168.89	136	137
interval_errors	0	7.114	7.018	0	3932.13	449	0	1168.89	1176	137	138
interval_errors	0	5.619	5.551	0	3932.13	449	0	1176	1181.62	138	139
interval_errors	0	3.5384	3.7025	0	3932.13	449	0	1181.62	1185.16	139	140
interval_errors	0	2.184	2.1775	0	3932.13	449	0	1185.16	1187.34	140	141
interval_errors	0	1.3026	1.316	0	3932.13	449	0	1187.34	1188.64	141	142
interval_errors	0	25.0658	25.7655	0	3932.13	449	0	1200.95	1226.01	144	145
interval_errors	0	4.7832	4.8475	0	3932.13	449	0	1226.01	1230.8	145	146
interval_errors	0	2.7693	3.016	0	3932.13	449	0	1230.8	1233.56	146	147
interval_errors	0	2.6124	2.59	0	3932.13	449	0	1233.56	1236.18	147	148
interval_errors	0	12.9428	12.729	0	3932.13	449	0	1236.18	1249.12	148	149
interval_errors	0	5.3981	5.317	0	3932.13	449	0	1249.12	1254.52	149	150
interval_errors	0	2.9049	2.8	0	3932.13	449	0	1254.52	1257.42	150	151
interval_errors	0	3.14	3.29	0	3932.13	449	0	1257.42	1260.56	151	152
interval_errors	0	20.6143	20.269	0	3932.13	449	0	1260.56	1281.18	152	153
interval_errors	0	4.682	4.742	0	3932.13	449	0	1281.18	1285.86	153	154
interval_errors	0	7.3243	7.198	0	3932.13	449	0	1285.86	1293.18	154	155
interval_errors	0	2.9659	3.027	0	3932.13	449	0	1293.18	1296.15	155	156
interval_errors	0	14.5131	14.282	0	3932.13	449	0	1296.15	1310.66	156	157
interval_errors	0	7.4926	7.462	0	3932.13	449	0	1310.66	1318.15	157	158
interval_errors	0	3.0116	3.082	0	3932.13	449	0	1318.15	1321.17	158	159
interval_errors	0	19.8144	20.364	0	3932.13	449	0	1321.17	1340.98	159	160
interval_errors	0	16.1868	16.035	0	3932.13	449	0	1340.98	1357.17	160	161
interval_errors	0	7.6244	7.51	0	3932.13	449	0	1357.17	1364.79	161	162
interval_errors	0	6.1172	6.124	0	3932.13	449	0	1364.79	1370.91	162	163
interval_errors	0	17.9951	17.6615	0	3932.13	449	0	1370.91	1388.9	163	164
interval_errors	0	2.7272	2.692	0	3932.13	449	0	1388.9	1391.63	164	165
interval_errors	0	5.0008	5.086	0	3932.13	449	0	1391.63	1396.63	165	166
interval_errors	0	17.7522	17.6937	0	3932.13	449	0	1396.63	1414.38	166	167
interval_errors	0	4.9084	4.89375	0	3932.13	449	0	1414.38	1419.29	167	168
interval_errors	0	8.0492	8.007	0	3932.13	449	0	1419.29	1427.34	168	169
interval_errors	0	4.3601	4.0975	0	3932.13	449	0	1427.34	1431.7	169	170
interval_errors	0	15.1283	15.2685	0	3932.13	449	0	1431.7	1446.83	170	171
interval_errors	0	9.6185	9.52867	0	3932.13	449	0	1446.83	1456.45	171	172
interval_errors	0	15.2241	15.2473	0	3932.13	449	0	1456.45	1471.67	172	173
interval_errors	0	5.3174	5.3775	0	3932.13	449	0	1471.67	1476.99	173	174
interval_errors	0	10.4201	9.9655	0	3932.13	449	0	1476.99	1487.41	174	175
interval_errors	0	9.319	8.932	0	3932.13	449	0	1487.41	1496.73	175	176
interval_errors	0	1.5311	1.77	0	3932.13	449	0	1496.73	1498.26	176	177
interval_errors	0	1.5822	1.707	0	3932.13	449	0	1498.26	1499.84	177	178
interval_errors	0	4.6496	4.377	0	3932.13	449	0	1499.84	1504.49	178	179
interval_errors	0	3.7474	3.808	0	3932.13	449	0	1504.49	1508.24	179	180
interval_errors	0	36.5236	36.053	0	3932.13	449	0	1508.24	1544.76	180	181
interval_errors	0	10.6649	10.56	0	3932.13	449	0	1544.76	1555.43	181	182
interval_errors	0	18.092	18.694	0	3932.13	449	0	1555.43	1573.52	182	183
interval_errors	0	12.6159	12.435	0	3932.13	449	0	1573.52	1586.14	183	184
interval_errors	0	2.4525	2.459	0	3932.13	449	0	1586.14	1588.59	184	185
interval_errors	0	3.5072	3.328	0	3932.13	449	0	1588.59	1592.1	185	186
interval_errors	0	4.4862	4.319	0	3932.13	449	0	1592.1	1596.58	186	187
interval_errors	0	2.1193	2.255	0	3932.13	449	0	1596.58	1598.7	187	188
interval_errors	0	8.451	8.164	0	3932.13	449	0	1598.7	1607.15	188	189
interval_errors	0	2.3555	2.46	0	3932.13	449	0	1607.15	1609.51	189	190
interval_errors	0	23.0958	22.885	0	3932.13	449	0	1609.51	1632.6	190	191
interval_errors	0	7.3314	7.331	0	3932.13	449	0	1632.6	1639.94	191	192
interval_errors	0	17.5103	17.336	0	3932.13	449	0	1639.94	1657.45	192	193
interval_errors	0	18.7434	18.439	0	3932.13	449	0	1657.45	1676.19	193	194
interval_errors	0	3.1621	3.209	0	3932.13	449	0	1676.19	1679.35	194	195
interval_errors	0	4.6532	4.524	0	3932.13	449	0	1679.35	1684	195	196
interval_errors	0	2.1655	2.292	0	3932.13	449	0	1684	1686.17	196	197
interval_errors	0	15.5686	15.23	0	3932.13	449	0	1686.17	1701.74	197	198
interval_errors	0	3.1386	3.2015	0	3932.13	449	0	1701.74	1704.88	198	199
interval_errors	0	5.8601	5.6955	0	3932.13	449	0	1704.88	1710.74	199	200
interval_errors	0	2.8455	2.896	0	3932.13	449	0	1710.74	1713.58	200	201
interval_errors	0	7.0635	6.974	0	3932.13	449	0	1713.58	1720.65	201	202
interval_errors	0	5.3453	5.5935	0	3932.13	449	0	1720.65	1725.99	202	203
interval_errors	0	6.4781	7.5245	0	3932.13	449	0	1725.99	1732.47	203	204
interval_errors	0	19.9563	19.83	0	3932.13	449	0	1732.47	1752.43	204	205
interval_errors	0	22.3627	22.207	0	3932.13	449	0	1752.43	1774.79	205	206
interval_errors	0	32.3583	32.102	0	3932.13	449	0	1774.79	1807.15	206	207
interval_errors	0	10.5943	10.6435	0	3932.13	449	0	1874.73	1885.32	212	213
interval_errors	0	9.4529	9.3635	0	3932.13	449	0	1885.32	1894.77	213	214
interval_errors	0	6.2638	6.1335	0	3932.13	449	0	1894.77	1901.04	214	215
interval_errors	0	6.0882	6.2445	0	3932.13	449	0	1901.04	1907.13	215	216
interval_errors	0	4.4198	4.2855	0	3932.13	449	0	1907.13	1911.55	216	217
interval_errors	0	4.0055	3.944	0	3932.13	449	0	1920.53	1924.54	218	219
interval_errors	0	3.0052	3.012	0	3932.13	449	0	1924.54	1927.54	219	220
interval_errors	0	2.7909	3.077	0	3932.13	449	0	1927.54	1930.33	220	221
interval_errors	0	5.0337	4.864	0	3932.13	449	0	1930.33	1935.36	221	222
interval_errors	0	5.062	4.99	0	3932.13	449	0	1935.36	1940.43	222	223
interval_errors	0	8.4237	8.378	0	3932.13	449	0	1940.43	1948.85	223	224
interval_errors	0	8.1626	7.994	0	3932.13	449	0	1948.85	1957.01	224	225
interval_errors	0	5.8512	5.7905	0	3932.13	449	0	1957.01	1962.86	225	226
interval_errors	0	7.0635	6.9905	0	3932.13	449	0	1962.86	1969.93	226	227
interval_errors	0	7.636	7.6915	0	3932.13	449	0	1969.93	1977.56	227	228
interval_errors	0	1.642	1.5475	0	3932.13	449	0	1977.56	1979.21	228	229
interval_errors	0	33.9539	33.6835	0	3932.13	449	0	2008.06	2042.01	234	235
interval_errors	0	11.2898	11.074	0	3932.13	449	0	2042.01	2053.3	235	236
interval_errors	0	8.4378	8.3275	0	3932.13	449	0	2053.3	2061.74	236	237
interval_errors	0	13.7901	13.7085	0	3932.13	449	0	2061.74	2075.53	237	238
interval_errors	0	6.0414	5.909	0	3932.13	449	0	2075.53	2081.57	238	239
interval_errors	0	2.2034	2.313	0	3932.13	449	0	2081.57	2083.78	239	240
interval_errors	0	2.4307	2.46	0	3932.13	449	0	2083.78	2086.21	240	241
interval_errors	0	15.6518	15.402	0	3932.13	449	0	2086.21	2101.86	241	242
interval_errors	0	7.802	7.734	0	3932.13	449	0	2101.86	2109.66	242	243
interval_errors	0	15.3467	14.683	0	3932.13	449	0	2109.66	2125.01	243	244
interval_errors	0	2.5644	2.54675	0	3932.13	449	0	2125.01	2127.57	244	245
interval_errors	0	14.0284	14.2278	0	3932.13	449	0	2127.57	2141.6	245	246
interval_errors	0	8.5003	8.4415	0	3932.13	449	0	2141.6	2150.1	246	247
interval_errors	0	2.7535	2.823	0	3932.13	449	0	2150.1	2152.85	247	248
interval_errors	0	7.4448	6.85	0	3932.13	449	0	2152.85	2160.3	248	249
interval_errors	0	1.0476	1.143	0	3932.13	449	0	2160.3	2161.35	249	250
interval_errors	0	13.5791	13.568	0	3932.13	449	0	2161.35	2174.92	250	251
interval_errors	0	1.8755	2.226	0	3932.13	449	0	2174.92	2176.8	251	252
interval_errors	0	5.9971	5.874	0	3932.13	449	0	2176.8	2182.8	252	253
interval_errors	0	3.7102	3.87	0	3932.13	449	0	2182.8	2186.51	253	254
interval_errors	0	8.8045	8.367	0	3932.13	449	0	2186.51	2195.31	254	255
interval_errors	0	5.698	5.713	0	3932.13	449	0	2195.31	2201.01	255	256
interval_errors	0	5.1548	5.8365	0	3932.13	449	0	2201.01	2206.16	256	257
interval_errors	0	8.0434	8.5835	0	3932.13	449	0	2206.16	2214.21	257	258
interval_errors	0	10.589	10.426	0	3932.13	449	0	2214.21	2224.8	258	259
interval_errors	0	9.7561	9.682	0	3932.13	449	0	2224.8	2234.55	259	260
interval_errors	0	9.1314	9.02	0	3932.13	449	0	2234.55	2243.68	260	261
interval_errors	0	6.3968	6.2765	0	3932.13	449	0	2243.68	2250.08	261	262
interval_errors	0	2.5952	2.6415	0	3932.13	449	0	2296.88	2299.47	266	267
interval_errors	0	13.0527	12.7615	0	3932.13	449	0	2299.47	2312.53	267	268
interval_errors	0	3.0089	3.008	0	3932.13	449	0	2312.53	2315.53	268	269
interval_errors	0	4.6439	4.689	0	3932.13	449	0	2315.53	2320.18	269	270
interval_errors	0	17.3977	17.24	0	3932.13	449	0	2320.18	2337.58	270	271
interval_errors	0	12.3598	12.156	0	3932.13	449	0	2337.58	2349.94	271	272
interval_errors	0	8.0734	7.808	0	3932.13	449	0	2349.94	2358.01	272	273
interval_errors	0	1.7072	1.889	0	3932.13	449	0	2358.01	2359.72	273	274
interval_errors	0	16.996	16.5717	0	3932.13	449	0	2359.72	2376.71	274	275
interval_errors	0	8.1177	8.13033	0	3932.13	449	0	2376.71	2384.83	275	276
interval_errors	0	8.4729	8.226	0	3932.13	449	0	2384.83	2393.3	276	277
interval_errors	0	1.6608	1.82	0	3932.13	449	0	2393.3	2394.96	277	278
interval_errors	0	4.5304	4.307	0	3932.13	449	0	2394.96	2399.49	278	279
interval_errors	0	1.0447	1.295	0	3932.13	449	0	2399.49	2400.54	279	280
interval_errors	0	3.1266	3.043	0	3932.13	449	0	2400.54	2403.67	280	281
interval_errors	0	9.8763	9.686	0	3932.13	449	0	2403.67	2413.54	281	282
interval_errors	0	3.8739	3.921	0	3932.13	449	0	2413.54	2417.42	282	283
interval_errors	0	2.5319	2.607	0	3932.13	449	0	2417.42	2419.95	283	284
interval_errors	0	3.1419	2.992	0	3932.13	449	0	2419.95	2423.09	284	285
interval_errors	0	5.9811	6.1335	0	3932.13	449	0	2423.09	2429.07	285	286
interval_errors	0	10.0463	9.7595	0	3932.13	449	0	2429.07	2439.12	286	287
interval_errors	0	14.0673	13.735	0	3932.13	449	0	2439.12	2453.18	287	288
interval_errors	0	1.6908	1.966	0	3932.13	449	0	2453.18	2454.88	288	289
interval_errors	0	33.9221	33.45	0	3932.13	449	0	2454.88	2488.8	289	290
interval_errors	0	12.9116	12.769	0	3932.13	449	0	2488.8	2501.71	290	291
interval_errors	0	11.1715	10.992	0	3932.13	449	0	2501.71	2512.88	291	292
interval_errors	0	2.8797	3.003	0	3932.13	449	0	2512.88	2515.76	292	293
interval_errors	0	41.2929	41.392	0	3932.13	449	0	2515.76	2557.05	293	294
interval_errors	0	17.802	18.268	0	3932.13	449	0	2563.5	2581.3	295	296
interval_errors	0	1.2014	1.421	0	3932.13	449	0	2581.3	2582.5	296	297
interval_errors	0	5.0087	4.785	0	3932.13	449	0	2582.5	2587.51	297	298
interval_errors	0	14.48	14.424	0	3932.13	449	0	2587.51	2601.99	298	299
interval_errors	0	7.3676	7.301	0	3932.13	449	0	2601.99	2609.36	299	300
interval_errors	0	31.6606	31.48	0	3932.13	449	0	2609.36	2641.02	300	301
interval_errors	0	27.5717	27.473	0	3932.13	449	0	2641.02	2668.59	301	302
interval_errors	0	3.3627	3.325	0	3932.13	449	0	2668.59	2671.95	302	303
interval_errors	0	2.4297	2.313	0	3932.13	449	0	2671.95	2674.38	303	304
interval_errors	0	1.8051	1.919	0	3932.13	449	0	2674.38	2676.19	304	305
interval_errors	0	8.0281	7.8475	0	3932.13	449	0	2676.19	2684.22	305	306
interval_errors	0	4.218	4.0765	0	3932.13	449	0	2684.22	2688.43	306	307
interval_errors	0	13.5789	13.4125	0	3932.13	449	0	2688.43	2702.01	307	308
interval_errors	0	6.2005	6.39	0	3932.13	449	0	2702.01	2708.21	308	309
interval_errors	0	1.5264	1.6095	0	3932.13	449	0	2708.21	2709.74	309	310
interval_errors	0	2.0828	1.867	0	3932.13	449	0	2709.74	2711.82	310	311
interval_errors	0	16.9935	18.1	0	3932.13	449	0	2711.82	2728.82	311	312
interval_errors	0	4.9573	4.949	0	3932.13	449	0	2728.82	2733.77	312	313
interval_errors	0	3.7664	3.6925	0	3932.13	449	0	2733.77	2737.54	313	314
interval_errors	0	3.6213	3.983	0	3932.13	449	0	2737.54	2741.16	314	315
interval_errors	0	6.9474	6.5225	0	3932.13	449	0	2741.16	2748.11	315	316
interval_errors	0	7.3516	6.956	0	3932.13	449	0	2748.11	2755.46	316	317
interval_errors	0	2.0137	2.1335	0	3932.13	449	0	2755.46	2757.47	317	318
interval_errors	0	11.272	11.2655	0	3932.13	449	0	2757.47	2768.75	318	319
interval_errors	0	2.3183	2.387	0	3932.13	449	0	2768.75	2771.06	319	320
interval_errors	0	5.4463	5.649	0	3932.13	449	0	2771.06	2776.51	320	321
interval_errors	0	1.767	1.677	0	3932.13	449	0	2776.51	2778.28	321	322
interval_errors	0	24.0526	23.541	0	3932.13	449	0	2778.28	2802.33	322	323
interval_errors	0	1.4196	1.65	0	3932.13	449	0	2802.33	2803.75	323	324
interval_errors	0	2.6338	2.605	0	3932.13	449	0	2803.75	2806.38	324	325
interval_errors	0	10.9294	10.613	0	3932.13	449	0	2806.38	2817.31	325	326
interval_errors	0	2.0431	2.0675	0	3932.13	449	0	2817.31	2819.36	326	327
interval_errors	0	22.923	22.6075	0	3932.13	449	0	2819.36	2842.28	327	328
interval_errors	0	4.3299	4.359	0	3932.13	449	0	2842.28	2846.61	328	329
interval_errors	0	3.5381	3.509	0	3932.13	449	0	2846.61	2850.15	329	330
interval_errors	0	8.7678	8.663	0	3932.13	449	0	2850.15	2858.91	330	331
interval_errors	0	1.8668	2.094	0	3932.13	449	0	2858.91	2860.78	331	332
interval_errors	0	3.1561	2.97	0	3932.13	449	0	2860.78	2863.94	332	333
interval_errors	0	38.3905	38.1415	0	3932.13	449	0	2863.94	2902.33	333	334
interval_errors	0	1.3759	1.7475	0	3932.13	449	0	2902.33	2903.7	334	335
interval_errors	0	16.3456	16.012	0	3932.13	449	0	2903.7	2920.05	335	336
interval_errors	0	3.0734	3.125	0	3932.13	449	0	2920.05	2923.12	336	337
interval_errors	0	7.6332	7.372	0	3932.13	449	0	2923.12	2930.76	337	338
interval_errors	0	1.5881	1.886	0	3932.13	449	0	2930.76	2932.34	338	339
interval_errors	0	6.5327	6.2	0	3932.13	449	0	2932.34	2938.88	339	340
interval_errors	0	6.5977	6.458	0	3932.13	449	0	2938.88	2945.47	340	341
interval_errors	0	2.3704	2.585	0	3932.13	449	0	2945.47	2947.84	341	342
interval_errors	0	3.1292	3.025	0	3932.13	449	0	2947.84	2950.97	342	343
interval_errors	0	12.0384	11.762	0	3932.13	449	0	2950.97	2963.01	343	344
interval_errors	0	4.4045	4.418	0	3932.13	449	0	2963.01	2967.42	344	345
interval_errors	0	28.4017	28.13	0	3932.13	449	0	2967.42	2995.82	345	346
interval_errors	0	7.4254	7.38	0	3932.13	449	0	2995.82	3003.24	346	347
interval_errors	0	4.5648	4.633	0	3932.13	449	0	3003.24	3007.81	347	348
interval_errors	0	13.3039	14.053	0	3932.13	449	0	3007.81	3021.11	348	349
interval_errors	0	1.7322	2.181	0	3932.13	449	0	3021.11	3022.84	349	350
interval_errors	0	24.8018	25.17	0	3932.13	449	0	3022.84	3047.65	350	351
interval_errors	0	19.9511	19.1388	0	3932.13	449	0	3047.65	3067.6	351	352
interval_errors	0	3.6494	3.79825	0	3932.13	449	0	3067.6	3071.25	352	353
interval_errors	0	3.6678	3.971	0	3932.13	449	0	3071.25	3074.91	353	354
interval_errors	0	6.98	6.892	0	3932.13	449	0	3074.91	3081.89	354	355
interval_errors	0	8.2762	7.982	0	3932.13	449	0	3081.89	3090.17	355	356
interval_errors	0	1.1559	1.471	0	3932.13	449	0	3090.17	3091.33	356	357
interval_errors	0	3.7185	3.612	0	3932.13	449	0	3091.33	3095.05	357	358
interval_errors	0	3.8157	3.758	0	3932.13	449	0	3095.05	3098.86	358	359
interval_errors	0	12.1745	11.899	0	3932.13	449	0	3098.86	3111.04	359	360
interval_errors	0	2.824	2.844	0	3932.13	449	0	3111.04	3113.86	360	361
interval_errors	0	3.8593	3.6975	0	3932.13	449	0	3150.8	3154.66	364	365
interval_errors	0	3.0971	3.1865	0	3932.13	449	0	3154.66	3157.76	365	366
interval_errors	0	5.3972	5.305	0	3932.13	449	0	3157.76	3163.16	366	367
interval_errors	0	12.8638	12.687	0	3932.13	449	0	3163.16	3176.02	367	368
interval_errors	0	7.5072	7.408	0	3932.13	449	0	3176.02	3183.53	368	369
interval_errors	0	7.0046	7.041	0	3932.13	449	0	3183.53	3190.53	369	370
interval_errors	0	3.6978	3.594	0	3932.13	449	0	3190.53	3194.23	370	371
interval_errors	0	9.1253	8.963	0	3932.13	449	0	3194.23	3203.36	371	372
interval_errors	0	9.132	8.5695	0	3932.13	449	0	3203.36	3212.49	372	373
interval_errors	0	7.2393	7.4835	0	3932.13	449	0	3212.49	3219.73	373	374
interval_errors	0	2.4956	2.506	0	3932.13	449	0	3219.73	3222.22	374	375
interval_errors	0	26.6102	25.224	0	3932.13	449	0	3233.04	3259.65	376	377
interval_errors	0	2.0255	2.189	0	3932.13	449	0	3259.65	3261.67	377	378
interval_errors	0	10.5825	10.436	0	3932.13	449	0	3261.67	3272.26	378	379
interval_errors	0	3.3864	3.371	0	3932.13	449	0	3272.26	3275.64	379	380
interval_errors	0	9.6095	9.86975	0	3932.13	449	0	3275.64	3285.25	380	381
interval_errors	0	4.2275	3.73225	0	3932.13	449	0	3285.25	3289.48	381	382
interval_errors	0	1.3578	1.606	0	3932.13	449	0	3289.48	3290.84	382	383
interval_errors	0	10.0567	9.391	0	3932.13	449	0	3290.84	3300.89	383	384
interval_errors	0	1.9697	2.21	0	3932.13	449	0	3300.89	3302.86	384	385
interval_errors	0	8.1344	8.05	0	3932.13	449	0	3302.86	3311	385	386
interval_errors	0	13.6052	13.5735	0	3932.13	449	0	3311	3324.6	386	387
interval_errors	0	6.6929	6.712	0	3932.13	449	0	3324.6	3331.3	387	388
interval_errors	0	10.2778	10.0755	0	3932.13	449	0	3331.3	3341.57	388	389
interval_errors	0	15.7587	15.614	0	3932.13	449	0	3341.57	3357.33	389	390
interval_errors	0	7.4011	8.495	0	3932.13	449	0	3357.33	3364.73	390	391
interval_errors	0	5.1263	5.089	0	3932.13	449	0	3364.73	3369.86	391	392
interval_errors	0	3.0976	3.183	0	3932.13	449	0	3369.86	3372.96	392	393
interval_errors	0	13.9963	13.835	0	3932.13	449	0	3372.96	3386.95	393	394
interval_errors	0	3.0834	3.029	0	3932.13	449	0	3386.95	3390.04	394	395
interval_errors	0	2.8889	2.841	0	3932.13	449	0	3390.04	3392.93	395	396
interval_errors	0	8.4686	8.261	0	3932.13	449	0	3392.93	3401.39	396	397
interval_errors	0	8.7532	8.9455	0	3932.13	449	0	3401.39	3410.15	397	398
interval_errors	0	1.9114	2.18	0	3932.13	449	0	3410.15	3412.06	398	399
interval_errors	0	26.346	25.9935	0	3932.13	449	0	3412.06	3438.4	399	400
interval_errors	0	25.338	25.4805	0	3932.13	449	0	3438.4	3463.74	400	401
interval_errors	0	37.6192	37.1765	0	3932.13	449	0	3463.74	3501.36	401	402
interval_errors	0	3.3503	3.412	0	3932.13	449	0	3501.36	3504.71	402	403
interval_errors	0	31.0773	30.06	0	3932.13	449	0	3504.71	3535.79	403	404
interval_errors	0	10.7606	10.557	0	3932.13	449	0	3535.79	3546.55	404	405
interval_errors	0	4.5231	4.4795	0	3932.13	449	0	3546.55	3551.07	405	406
interval_errors	0	3.012	3.1895	0	3932.13	449	0	3551.07	3554.09	406	407
interval_errors	0	28.4287	29.543	0	3932.13	449	0	3554.09	3582.51	407	408
interval_errors	0	4.1877	4.123	0	3932.13	449	0	3582.51	3586.7	408	409
interval_errors	0	4.8617	4.878	0	3932.13	449	0	3586.7	3591.56	409	410
interval_errors	0	6.2534	6.086	0	3932.13	449	0	3591.56	3597.82	410	411
interval_errors	0	5.8928	5.978	0	3932.13	449	0	3597.82	3603.71	411	412
interval_errors	0	8.275	8.14	0	3932.13	449	0	3603.71	3611.98	412	413
interval_errors	0	3.7198	3.671	0	3932.13	449	0	3611.98	3615.7	413	414
interval_errors	0	6.901	6.844	0	3932.13	449	0	3615.7	3622.61	414	415
interval_errors	0	4.9819	4.865	0	3932.13	449	0	3622.61	3627.59	415	416
interval_errors	0	7.2451	6.784	0	3932.13	449	0	3627.59	3634.83	416	417
interval_errors	0	19.4903	19.299	0	3932.13	449	0	3634.83	3654.32	417	418
interval_errors	0	3.8951	3.778	0	3932.13	449	0	3654.32	3658.22	418	419
interval_errors	0	2.7037	2.7765	0	3932.13	449	0	3658.22	3660.92	419	420
interval_errors	0	14.1133	13.9395	0	3932.13	449	0	3660.92	3675.03	420	421
interval_errors	0	14.4302	14.256	0	3932.13	449	0	3675.03	3689.46	421	422
interval_errors	0	10.0889	9.983	0	3932.13	449	0	3689.46	3699.55	422	423
interval_errors	0	26.2433	25.89	0	3932.13	449	0	3699.55	3725.8	423	424
interval_errors	0	2.5506	2.651	0	3932.13	449	0	3725.8	3728.35	424	425
interval_errors	0	8.0591	7.947	0	3932.13	449	0	3728.35	3736.41	425	426
interval_errors	0	14.1279	13.589	0	3932.13	449	0	3736.41	3750.53	426	427
interval_errors	0	12.2025	12.649	0	3932.13	449	0	3750.53	3762.74	427	428
interval_errors	0	28.9035	28.791	0	3932.13	449	0	3762.74	3791.64	428	429
interval_errors	0	21.0956	20.98	0	3932.13	449	0	3791.64	3812.74	429	430
interval_errors	0	4.3435	4.257	0	3932.13	449	0	3812.74	3817.08	430	431
interval_errors	0	7.6939	7.612	0	3932.13	449	0	3817.08	3824.77	431	432
interval_errors	0	2.4571	2.591	0	3932.13	449	0	3824.77	3827.23	432	433
interval_errors	0	8.9561	8.774	0	3932.13	449	0	3827.23	3836.19	433	434
interval_errors	0	3.5178	3.657	0	3932.13	449	0	3836.19	3839.7	434	435
interval_errors	0	2.8731	2.923	0	3932.13	449	0	3839.7	3842.58	435	436
interval_errors	0	16.205	16.012	0	3932.13	449	0	3842.58	3858.78	436	437
interval_errors	0	2.5898	2.7335	0	3932.13	449	0	3858.78	3861.37	437	438
interval_errors	0	2.7797	2.5695	0	3932.13	449	0	3861.37	3864.15	438	439
interval_errors	0	3.3742	3.19	0	3932.13	449	0	3864.15	3867.53	439	440
interval_errors	0	17.2741	16.9015	0	3932.13	449	0	3867.53	3884.8	440	441
interval_errors	0	2.0435	2.344	0	3932.13	449	0	3884.8	3886.84	441	442
interval_errors	0	4.0144	3.7675	0	3932.13	449	0	3886.84	3890.86	442	443
interval_errors	0	8.9105	8.903	0	3932.13	449	0	3890.86	3899.77	443	444
interval_errors	0	3.5956	3.598	0	3932.13	449	0	3899.77	3903.36	444	445
interval_errors	0	3.5404	3.5475	0	3932.13	449	0	3903.36	3906.9	445	446
interval_errors	0	0.02	2.23233	1	724.71	83	1	0	0.02	0	1
interval_errors	0	0.0201	22.5445	1	724.71	83	1	724.69	724.71	83	84
interval_errors	0	17.7174	17.5787	0	724.71	83	1	0.02	17.7374	1	2
interval_errors	0	18.7327	18.441	0	724.71	83	1	17.7374	36.4701	2	3
interval_errors	0	2.2553	2.58	0	724.71	83	1	36.4701	38.7254	3	4
interval_errors	0	35.9792	35.747	0	724.71	83	1	38.7254	74.7046	4	5
interval_errors	0	4.0238	4.034	0	724.71	83	1	74.7046	78.7284	5	6
interval_errors	0	8.1648	8.036	0	724.71	83	1	78.7284	86.8932	6	7
interval_errors	0	3.5245	3.2605	0	724.71	83	1	86.8932	90.4177	7	8
interval_errors	0	7.5015	7.6285	0	724.71	83	1	90.4177	97.9192	8	9
interval_errors	0	11.7306	11.689	0	724.71	83	1	97.9192	109.65	9	10
interval_errors	0	15.7999	15.593	0	724.71	83	1	109.65	125.45	10	11
interval_errors	0	10.7414	10.7	0	724.71	83	1	125.45	136.191	11	12
interval_errors	0	7.7412	7.706	0	724.71	83	1	136.191	143.932	12	13
interval_errors	0	26.4474	26.196	0	724.71	83	1	143.932	170.38	13	14
interval_errors	0	3.5118	3.538	0	724.71	83	1	170.38	173.892	14	15
interval_errors	0	7.6452	7.572	0	724.71	83	1	173.892	181.537	15	16
interval_errors	0	18.3001	18.024	0	724.71	83	1	181.537	199.837	16	17
interval_errors	0	3.2924	3.385	0	724.71	83	1	199.837	203.129	17	18
interval_errors	0	29.2559	28.966	0	724.71	83	1	203.129	232.385	18	19
interval_errors	0	21.8347	21.683	0	724.71	83	1	244.412	266.247	20	21
interval_errors	0	27.7013	27.516	0	724.71	83	1	266.247	293.948	21	22
interval_errors	0	8.7033	8.152	0	724.71	83	1	293.948	302.651	22	23
interval_errors	0	1.0167	1.496	0	724.71	83	1	302.651	303.668	23	24
interval_errors	0	4.1567	4.1005	0	724.71	83	1	303.668	307.825	24	25
interval_errors	0	4.6229	4.6165	0	724.71	83	1	307.825	312.448	25	26
interval_errors	0	4.113	4.059	0	724.71	83	1	312.448	316.561	26	27
interval_errors	0	20.9372	20.354	0	724.71	83	1	316.561	337.498	27	28
interval_errors	0	2.0384	2.005	0	724.71	83	1	337.498	339.536	28	29
interval_errors	0	1.3178	1.64133	0	724.71	83	1	339.536	340.854	29	30
interval_errors	0	6.8352	6.75267	0	724.71	83	1	340.854	347.689	30	31
interval_errors	0	3.0444	3.104	0	724.71	83	1	347.689	350.734	31	32
interval_errors	0	16.3739	16.195	0	724.71	83	1	350.734	367.108	32	33
interval_errors	0	9.9652	9.791	0	724.71	83	1	367.108	377.073	33	34
interval_errors	0	4.5025	4.542	0	724.71	83	1	377.073	381.575	34	35
interval_errors	0	3.893	4.615	0	724.71	83	1	381.575	385.468	35	36
interval_errors	0	4.4829	4.438	0	724.71	83	1	385.468	389.951	36	37
interval_errors	0	4.3796	4.207	0	724.71	83	1	389.951	394.331	37	38
interval_errors	0	3.4485	3.4455	0	724.71	83	1	394.331	397.779	38	39
interval_errors	0	6.7626	6.5785	0	724.71	83	1	397.779	404.542	39	40
interval_errors	0	2.634	2.668	0	724.71	83	1	404.542	407.176	40	41
interval_errors	0	3.9263	4.083	0	724.71	83	1	407.176	411.102	41	42
interval_errors	0	11.0985	10.939	0	724.71	83	1	411.102	422.201	42	43
interval_errors	0	20.7896	20.4948	0	724.71	83	1	422.201	442.99	43	44
interval_errors	0	11.0491	10.9783	0	724.71	83	1	442.99	454.039	44	45
interval_errors	0	17.6146	17.627	0	724.71	83	1	454.039	471.654	45	46
interval_errors	0	22.405	22.362	0	724.71	83	1	471.654	494.059	46	47
interval_errors	0	2.1612	2.359	0	724.71	83	1	494.059	496.22	47	48
interval_errors	0	10.5868	10.317	0	724.71	83	1	496.22	506.807	48	49
interval_errors	0	9.9563	9.877	0	724.71	83	1	506.807	516.763	49	50
interval_errors	0	6.6184	6.196	0	724.71	83	1	516.763	523.382	50	51
interval_errors	0	1.4372	1.601	0	724.71	83	1	523.382	524.819	51	52
interval_errors	0	6.58	6.601	0	724.71	83	1	524.819	531.399	52	53
interval_errors	0	5.5162	5.49	0	724.71	83	1	531.399	536.915	53	54
interval_errors	0	4.6612	4.667	0	724.71	83	1	536.915	541.576	54	55
interval_errors	0	6.99	6.962	0	724.71	83	1	541.576	548.566	55	56
interval_errors	0	4.8001	4.57	0	724.71	83	1	548.566	553.366	56	57
interval_errors	0	1.0047	1.428	0	724.71	83	1	553.366	554.371	57	58
interval_errors	0	12.7447	12.424	0	724.71	83	1	554.371	567.116	58	59
interval_errors	0	9.0981	8.835	0	724.71	83	1	567.116	576.214	59	60
interval_errors	0	2.4251	2.174	0	724.71	83	1	576.214	578.639	60	61
interval_errors	0	1.1518	1.462	0	724.71	83	1	578.639	579.791	61	62
interval_errors	0	2.5032	2.539	0	724.71	83	1	579.791	582.294	62	63
interval_errors	0	5.1949	5.056	0	724.71	83	1	582.294	587.489	63	64
interval_errors	0	24.6328	24.42	0	724.71	83	1	587.489	612.122	64	65
interval_errors	0	4.5728	4.426	0	724.71	83	1	612.122	616.694	65	66
interval_errors	0	1.988	2.186	0	724.71	83	1	616.694	618.682	66	67
interval_errors	0	7.6736	7.441	0	724.71	83	1	618.682	626.356	67	68
interval_errors	0	3.1805	3.286	0	724.71	83	1	626.356	629.537	68	69
interval_errors	0	4.6984	4.533	0	724.71	83	1	629.537	634.235	69	70
interval_errors	0	2.9399	2.934	0	724.71	83	1	634.235	637.175	70	71
interval_errors	0	3.2825	3.304	0	724.71	83	1	637.175	640.457	71	72
interval_errors	0	4.8558	4.778	0	724.71	83	1	640.457	645.313	72	73
interval_errors	0	13.2702	13.169	0	724.71	83	1	645.313	658.583	73	74
interval_errors	0	4.6096	4.539	0	724.71	83	1	658.583	663.193	74	75
interval_errors	0	11.5478	11.49	0	724.71	83	1	663.193	674.741	75	76
interval_errors	0	14.4427	14.3597	0	724.71	83	1	674.741	689.183	76	77
interval_errors	0	4.1861	4.01525	0	724.71	83	1	689.183	693.37	77	78
interval_errors	0	4.4882	4.744	0	724.71	83	1	693.37	697.858	78	79
interval_errors	0	7.8744	7.539	0	724.71	83	1	697.858	705.732	79	80
interval_errors	0	8.0211	7.894	0	724.71	83	1	705.732	713.753	80	81
interval_errors	0	4.724	4.791	0	724.71	83	1	713.753	718.477	81	82
interval_errors	0	6.2123	6.2095	0	724.71	83	1	718.477	724.69	82	83
